11111111
00000001
00000001
00010011
00000000
10000001
00100000
00100011
00000000
10010001
00100010
00100011
00000001
00100001
00100100
00100011
00000001
00110001
00100110
00100011
00000000
00000101
00000100
00010011
00000000
00000101
10000100
10010011
00000000
00000000
00001001
00010011
00000000
00000000
00001001
10010011
00000000
10011001
11011000
01100011
00000001
00100100
00001001
00110011
00000000
00011001
10001001
10010011
11111110
00000000
00001010
11100011
00000000
00001001
00000101
00010011
00000000
00000001
00100100
00000011
00000000
01000001
00100100
10000011
00000000
10000001
00101001
00000011
00000000
11000001
00101001
10000011
00000001
00000001
00000001
00010011
00000000
00000000
10000000
01100111